Arizona	Avondale	3412.9062	1050.4025	4463.3087	4333.8362	true	3	562500	0.0060999999999999995	3431.2499999999995	2705.0	238.04	0.088	32460.0	true	40354.5587
Arizona	Phoenix	3426.6672	1055.4125	4482.0797	4353.8522	true	93	905709	0.0060999999999999995	5524.8249	2712.5	233.27499999999998	0.086	32550.0	true	42556.9046
Arizona	Mesa	3426.6672	1055.4125	4482.0797	4353.8522	true	35	641658	0.0060999999999999995	3914.1137999999996	2707.5	224.72249999999997	0.08299999999999999	32490.0	true	40886.1935
Arizona	Peoria	3417.4932	1052.0725	4469.5657	4340.5082	true	13	588569	0.0060999999999999995	3590.2708999999995	2707.5	219.30749999999998	0.08099999999999999	32490.0	true	40549.8366
Arizona	Tempe Junction	3431.2542	1057.0825	4488.3367	4360.5242	false	0	600000	0.0060999999999999995	3659.9999999999995	2500.0	157.5	0.063	30000.0	false	38148.3367
Arizona	Gilbert	3426.6672	1055.4125	4482.0797	4353.8522	true	26	716181	0.0060999999999999995	4368.7041	2707.5	211.18499999999997	0.07799999999999999	32490.0	true	41340.783800000005
Arizona	Buckeye	3380.7972	1038.7125	4419.5097000000005	4287.1322	false	0	600000	0.0060999999999999995	3659.9999999999995	2685.0	249.70499999999998	0.093	32220.0	true	40299.5097
Arizona	Sun City	3408.3192	1048.7325	4457.0517	4327.1642	true	3	421000	0.0060999999999999995	2568.1	2702.5	170.2575	0.063	32430.0	true	39455.1517
Arizona	Tempe	3426.6672	1055.4125	4482.0797	4353.8522	true	8	729343	0.0060999999999999995	4448.9923	2707.5	219.30749999999998	0.08099999999999999	32490.0	true	41421.072
Arizona	Surprise	3385.3842	1040.3825	4425.7667	4293.8042000000005	true	6	712333	0.0060999999999999995	4345.2312999999995	2687.5	228.43749999999997	0.08499999999999999	32250.0	true	41020.998
Arizona	Glendale	3426.6672	1055.4125	4482.0797	4353.8522	true	22	629218	0.0060999999999999995	3838.2297999999996	2712.5	249.54999999999998	0.092	32550.0	true	40870.3095
Arizona	Scottsdale	3426.6672	1055.4125	4482.0797	4353.8522	true	66	1187458	0.0060999999999999995	7243.493799999999	2707.5	217.95374999999996	0.08049999999999999	32490.0	true	44215.5735
Arizona	Chandler	3426.6672	1055.4125	4482.0797	4353.8522	true	21	737592	0.0060999999999999995	4499.3112	2707.5	211.18499999999997	0.07799999999999999	32490.0	true	41471.3909
Arizona	Goodyear	3399.1452	1045.3925	4444.5377	4313.8202	true	5	665980	0.0060999999999999995	4062.4779999999996	2695.0	237.16	0.088	32340.0	true	40847.0157
Arizona	Catalina Foothills	3431.2542	1057.0825	4488.3367	4360.5242	true	13	832892	0.0101	8412.2092	2500.0	152.49999999999997	0.06099999999999999	30000.0	false	42900.5459
Arizona	Oro Valley	3431.2542	1057.0825	4488.3367	4360.5242	true	4	479200	0.0101	4839.92	2500.0	214.99999999999997	0.086	30000.0	false	39328.2567
Arizona	Casas Adobes	3431.2542	1057.0825	4488.3367	4360.5242	true	3	473666	0.0101	4784.0266	2500.0	152.49999999999997	0.06099999999999999	30000.0	false	39272.3633
Arizona	Marana	3156.0342	956.8824999999999	4112.9167	3960.2042	true	3	583333	0.0101	5891.6633	2472.5	200.27249999999998	0.08099999999999999	29670.0	true	39674.58
Arizona	Tucson	3201.9042	973.5825	4175.4866999999995	4026.9242000000004	true	42	651073	0.0101	6575.8373	2497.5	217.2825	0.087	29970.0	true	40721.324
Arizona	San Tan Valley	3380.7972	1038.7125	4419.5097000000005	4287.1322	true	1	645000	0.0076	4902.0	2685.0	193.32	0.072	32220.0	true	41541.5097
Arizona	Casa Grande	3380.7972	1038.7125	4419.5097000000005	4287.1322	true	2	466950	0.0076	3548.82	2682.5	246.79	0.092	32190.0	true	40158.3297
Arizona	Apache Junction	3399.1452	1045.3925	4444.5377	4313.8202	true	1	435000	0.0076	3306.0	2692.5	258.48	0.096	32310.0	true	40060.5377
Arizona	Maricopa	3380.7972	1038.7125	4419.5097000000005	4287.1322	false	0	600000	0.0076	4560.0	2682.5	246.79	0.092	32190.0	true	41169.5097
Arizona	Prescott Valley	3087.2291999999998	931.8325	4019.0616999999997	3860.1242	true	1	500000	0.0058	2900.0	2915.0	267.597	0.09179999999999999	34980.0	true	41899.0617
Arizona	Prescott	3087.2291999999998	931.8325	4019.0616999999997	3860.1242	true	7	784571	0.0058	4550.511799999999	2915.0	265.265	0.091	34980.0	true	43549.5735
Arizona	Yuma	3600.9732	1118.8725	4719.8457	4607.3882	true	7	85704285	0.0089	762768.1365	3075.0	258.669	0.08412	36900.0	true	804387.9822
Arizona	Sierra Vista	3156.0342	956.8824999999999	4112.9167	3960.2042	true	6	411166	0.0083	3412.6778	2472.5	199.03624999999997	0.08049999999999999	29670.0	true	37195.5945
Arizona	Bullhead City	3509.2331999999997	1085.4724999999999	4594.7056999999995	4473.948200000001	true	1	520000	0.0063	3276.0	2492.5	189.43	0.076	29910.0	true	37780.7057
Arizona	Lake Havasu City	3509.2331999999997	1085.4724999999999	4594.7056999999995	4473.948200000001	true	2	800000	0.0063	5040.0	2492.5	189.43	0.076	29910.0	true	39544.7057
Arizona	Flagstaff	3133.0991999999997	948.5325	4081.6317	3926.8442000000005	true	6	1095833	0.0059	6465.4147	2940.0	269.9214	0.09181	35280.0	true	45827.0464
California	Oceanside	7930.145	1935.91	9866.055	9766.93	true	5	1213008	0.0073	8854.9584	3470.0	286.275	0.08249999999999999	41640.0	true	60361.013399999996
California	San Diego	7919.915000000001	1931.91	9851.825	9752.05	true	30	1929426	0.0073	14084.8098	3482.5	269.89375	0.0775	41790.0	true	65726.6348
California	Chula Vista	7919.915000000001	1931.91	9851.825	9752.05	true	2	1036500	0.0073	7566.45	3482.5	304.71875	0.0875	41790.0	true	59208.275
California	San Francisco	9689.705000000002	2636.585	12326.29	12326.29	true	11	4031370	0.0064	25800.768	4800.0	413.99999999999994	0.08625	57600.0	true	95727.058
California	Modesto	7735.775000000001	1859.91	9595.685000000001	9484.21	true	10	774500	0.0077	5963.650000000001	2580.0	203.175	0.07875	30960.0	true	46519.33500000001
California	Santa Clarita	8288.195	2075.91	10364.105	10287.73	true	17	1050294	0.0072	7562.1168	3585.0	340.575	0.095	43020.0	true	60946.2218
California	North Glendale	6988.985000000001	1570.99	8559.975	8397.970000000001	false	0	600000	0.0072	4320.0	2500.0	237.5	0.095	30000.0	false	42879.975
California	Los Angeles	8451.875	2139.91	10591.785	10525.810000000001	true	101	2152910	0.0072	15500.952	3640.0	345.8	0.095	43680.0	true	69772.737
California	Hollywood	6988.985000000001	1570.99	8559.975	8397.970000000001	false	0	600000	0.0072	4320.0	2500.0	237.5	0.095	30000.0	false	42879.975
California	Long Beach	8288.195	2075.91	10364.105	10287.73	true	7	1820000	0.0072	13104.0	3297.5	337.99375	0.1025	39570.0	true	63038.104999999996
California	Glendale	8451.875	2139.91	10591.785	10525.810000000001	true	4	2082500	0.0072	14994.0	3640.0	373.09999999999997	0.1025	43680.0	true	69265.785
California	Oxnard	7848.305	1903.91	9752.215	9647.89	true	6	1160933	0.0073	8474.8109	3480.0	321.9	0.0925	41760.0	true	59987.0259
California	Oxnard Shores	6988.985000000001	1570.99	8559.975	8397.970000000001	false	0	600000	0.0073	4380.0	2500.0	181.25	0.0725	30000.0	false	42939.975
California	Huntington Beach	8288.195	2075.91	10364.105	10287.73	true	13	1786153	0.0069	12324.4557	3505.0	271.6375	0.0775	42060.0	true	64748.5607
California	Santa Ana	8298.425000000001	2079.91	10378.335000000001	10302.61	true	3	1568333	0.0069	10821.4977	3437.5	317.96875	0.0925	41250.0	true	62449.8327
California	Irvine	8288.195	2075.91	10364.105	10287.73	true	8	1695625	0.0069	11699.8125	3505.0	271.6375	0.0775	42060.0	true	64123.917499999996
California	Garden Grove	8318.885000000002	2087.91	10406.795000000002	10332.37	true	2	1075000	0.0069	7417.5	3420.0	299.25	0.0875	41040.0	true	58864.295
California	Anaheim	8318.885000000002	2087.91	10406.795000000002	10332.37	true	4	1017000	0.0069	7017.3	3420.0	265.05	0.0775	41040.0	true	58464.095
California	Fremont	9710.165	2645.8849999999998	12356.050000000001	12356.050000000001	true	3	3093333	0.0078000000000000005	24127.9974	4330.0	443.825	0.1025	51960.0	true	88444.04740000001
California	Oakland	9065.675000000001	2379.91	11445.585000000001	11418.61	true	15	2229040	0.0078000000000000005	17386.512000000002	4045.0	414.61249999999995	0.1025	48540.0	true	77372.09700000001
California	Sacramento	7940.375000000001	1939.91	9880.285000000002	9781.810000000001	true	9	831277	0.008100000000000001	6733.343700000001	2770.0	242.37499999999997	0.0875	33240.0	true	49853.6287
California	Stockton	7807.385	1887.91	9695.295	9588.37	true	5	799800	0.0085	6798.3	2627.5	236.475	0.09	31530.0	true	48023.595
California	San Jose	9740.855	2659.835	12400.689999999999	12400.69	true	11	2419101	0.0073	17659.4373	4335.0	406.40625	0.09375	52020.0	true	82080.1273
California	Moreno Valley	7817.615000000001	1891.91	9709.525000000001	9603.25	true	4	612500	0.0095	5818.75	2757.5	213.70625	0.0775	33090.0	true	48618.275
California	Riverside	7817.615000000001	1891.91	9709.525000000001	9603.25	true	9	853765	0.0095	8110.7675	2760.0	241.49999999999997	0.0875	33120.0	true	50940.2925
California	Bakersfield	7838.075000000001	1899.91	9737.985	9633.01	true	17	530676	0.01	5306.76	2545.0	209.96249999999998	0.08249999999999999	30540.0	true	45584.745
California	San Bernardino	7776.695000000001	1875.91	9652.605000000001	9543.73	true	7	887428	0.008100000000000001	7188.166800000001	2597.5	227.28124999999997	0.0875	31170.0	true	48010.7718
California	Fontana	7817.615000000001	1891.91	9709.525000000001	9603.25	true	4	839250	0.008100000000000001	6797.925000000001	2760.0	213.9	0.0775	33120.0	true	49627.450000000004
California	Santa Rosa	8052.905000000001	1983.91	10036.815	9945.490000000002	true	10	1223690	0.006999999999999999	8565.83	3520.0	325.6	0.0925	42240.0	true	60842.645000000004
California	Fresno	7050.365000000001	1591.91	8642.275000000001	8487.25	true	2	700000	0.008199999999999999	5739.999999999999	2515.0	210.00249999999997	0.08349999999999999	30180.0	true	44562.275
Colorado	Commerce City	5205.046	2365.93	7570.976000000001	7570.976000000001	true	1	600000	0.0063	3780.0	2902.5	268.48125	0.0925	34830.0	true	46180.976
Colorado	Thornton	5205.046	2365.93	7570.976000000001	7570.976000000001	true	1	625000	0.0063	3937.5	2902.5	246.71249999999998	0.08499999999999999	34830.0	true	46338.476
Colorado	Northglenn	5093.0	2315.0	7408.0	7408.0	false	0	600000	0.0063	3780.0	2500.0	118.75	0.0475	30000.0	false	41188.0
Colorado	Brighton	5179.581	2354.355	7533.936	7533.936	false	0	600000	0.0063	3780.0	2890.0	245.64999999999998	0.08499999999999999	34680.0	true	45993.936
Colorado	Westminster	5205.046	2365.93	7570.976000000001	7570.976000000001	true	4	714675	0.0063	4502.4525	2902.5	249.61499999999998	0.086	34830.0	true	46903.4285
Colorado	Lakewood	5093.0	2315.0	7408.0	7408.0	true	3	818333	0.0055000000000000005	4500.8315	2500.0	187.5	0.075	30000.0	false	41908.8315
Colorado	Ken Caryl	5093.0	2315.0	7408.0	7408.0	true	2	890000	0.0055000000000000005	4895.000000000001	2500.0	112.5	0.045	30000.0	false	42303.0
Colorado	Wheat Ridge	5205.046	2365.93	7570.976000000001	7570.976000000001	true	3	698333	0.0055000000000000005	3840.8315000000002	2902.5	232.20000000000002	0.08	34830.0	true	46241.8075
Colorado	Arvada	5205.046	2365.93	7570.976000000001	7570.976000000001	true	5	1035000	0.0055000000000000005	5692.500000000001	2902.5	231.03900000000002	0.0796	34830.0	true	48093.476
Colorado	Loveland	5006.419	2275.645	7282.064	7282.064	true	2	645000	0.0054	3483.0	2857.5	105.72749999999999	0.037	34290.0	true	45055.064
Colorado	Fort Collins	5011.512	2277.96	7289.472	7289.472	true	16	652640	0.0054	3524.2560000000003	2860.0	215.93	0.0755	34320.0	true	45133.728
Colorado	Fountain	5108.279	2321.945	7430.224	7430.224	true	2	500000	0.0048	2400.0	2592.5	195.21525000000003	0.0753	31110.0	true	40940.224
Colorado	Colorado Springs	5123.558	2328.89	7452.448	7452.448	true	40	562038	0.0048	2697.7823999999996	2600.0	213.19999999999996	0.08199999999999999	31200.0	true	41350.2304
Colorado	Security-Widefield	5093.0	2315.0	7408.0	7408.0	true	5	554305	0.0048	2660.6639999999998	2500.0	128.25	0.0513	30000.0	false	40068.664000000004
Colorado	Broomfield	5225.418	2375.19	7600.608	7600.608	true	1	585000	0.0067	3919.5	3107.5	222.18625000000003	0.07150000000000001	37290.0	true	48810.108
Colorado	Highlands Ranch	5093.0	2315.0	7408.0	7408.0	true	5	687400	0.0063	4330.62	2500.0	124.99999999999999	0.049999999999999996	30000.0	false	41738.619999999995
Colorado	Castle Rock	5123.558	2328.89	7452.448	7452.448	true	2	641500	0.0063	4041.45	2767.5	218.6325	0.079	33210.0	true	44703.898
Colorado	Parker	5164.302	2347.41	7511.7119999999995	7511.712	true	3	979000	0.0063	6167.7	2885.0	230.8	0.08	34620.0	true	48299.412
Colorado	Longmont	5261.069	2391.395	7652.464	7652.464	true	7	690428	0.005699999999999999	3935.4395999999997	3320.0	282.69800000000004	0.08515	39840.0	true	51427.9036
Colorado	Boulder	5276.348	2398.34	7674.688	7674.688	true	5	1545486	0.005699999999999999	8809.270199999999	3325.0	165.75125	0.04985	39900.0	true	56383.9582
Colorado	Grand Junction	5021.698	2282.59	7304.2880000000005	7304.2880000000005	true	2	459950	0.0046	2115.77	2795.0	238.134	0.0852	33540.0	true	42960.058000000005
Colorado	Denver	5205.046	2365.93	7570.976000000001	7570.976000000001	true	22	947984	0.005	4739.92	2902.5	255.71025	0.0881	34830.0	true	47140.896
Colorado	Greeley	5031.884	2287.2200000000003	7319.104	7319.104	true	12	435208	0.0051	2219.5608	2950.0	206.795	0.0701	35400.0	true	44938.6648
Colorado	Southglenn	5093.0	2315.0	7408.0	7408.0	false	0	600000	0.005699999999999999	3419.9999999999995	2500.0	81.25	0.0325	30000.0	false	40828.0
Colorado	Englewood	5205.046	2365.93	7570.976000000001	7570.976000000001	true	1	1300000	0.005699999999999999	7409.999999999999	2902.5	224.94375	0.0775	34830.0	true	49810.975999999995
Colorado	Littleton	5205.046	2365.93	7570.976000000001	7570.976000000001	true	6	779750	0.005699999999999999	4444.575	2900.0	123.24999999999999	0.042499999999999996	34800.0	true	46815.551
Colorado	Aurora	5205.046	2365.93	7570.976000000001	7570.976000000001	true	15	601853	0.005699999999999999	3430.5620999999996	2900.0	232.0	0.08	34800.0	true	45801.5381
Colorado	Centennial	5093.0	2315.0	7408.0	7408.0	true	12	869428	0.005699999999999999	4955.739599999999	2500.0	168.75	0.0675	30000.0	false	42363.7396
Colorado	Pueblo West	5093.0	2315.0	7408.0	7408.0	false	0	600000	0.0067	4020.0	2500.0	108.25	0.0433	30000.0	false	41428.0
Colorado	Pueblo	4772.1410000000005	2169.155	6941.296	6941.296	true	2	266500	0.0067	1785.55	2397.5	182.21000000000004	0.07600000000000001	28770.0	true	37496.846
Florida	Orlando	0.0	0.0	0.0	0.0	true	39	633236	0.0096	6079.0656	2557.5	166.2375	0.065	30690.0	true	36769.0656
Florida	Tallahassee	0.0	0.0	0.0	0.0	false	0	600000	0.0097	5820.0	2425.0	181.875	0.075	29100.0	true	34920.0
Florida	Miami Gardens	0.0	0.0	0.0	0.0	true	1	440000	0.0097	4268.0	2672.5	187.075	0.06999999999999999	32070.0	true	36338.0
Florida	Hialeah	0.0	0.0	0.0	0.0	true	3	666666	0.0097	6466.6602	2672.5	187.075	0.06999999999999999	32070.0	true	38536.6602
Florida	Miami Beach	0.0	0.0	0.0	0.0	true	1	1500000	0.0097	14550.0	2877.5	201.42499999999998	0.06999999999999999	34530.0	true	49080.0
Florida	Miami	0.0	0.0	0.0	0.0	true	22	855090	0.0097	8294.373	2877.5	201.42499999999998	0.06999999999999999	34530.0	true	42824.373
Florida	Sunrise	0.0	0.0	0.0	0.0	true	1	610000	0.010700000000000001	6527.000000000001	2500.0	174.99999999999997	0.06999999999999999	30000.0	false	36527.0
Florida	Miramar	0.0	0.0	0.0	0.0	true	3	703000	0.010700000000000001	7522.100000000001	2500.0	174.99999999999997	0.06999999999999999	30000.0	false	37522.1
Florida	Plantation	0.0	0.0	0.0	0.0	true	7	656285	0.010700000000000001	7022.249500000001	2872.5	201.075	0.06999999999999999	34470.0	true	41492.2495
Florida	Coral Springs	0.0	0.0	0.0	0.0	true	14	735357	0.010700000000000001	7868.3199	2872.5	201.075	0.06999999999999999	34470.0	true	42338.3199
Florida	Hollywood	0.0	0.0	0.0	0.0	true	4	860000	0.010700000000000001	9202.000000000002	2872.5	201.075	0.06999999999999999	34470.0	true	43672.0
Florida	Fort Lauderdale	0.0	0.0	0.0	0.0	true	12	1614916	0.010700000000000001	17279.6012	2872.5	201.075	0.06999999999999999	34470.0	true	51749.601200000005
Florida	Davie	0.0	0.0	0.0	0.0	true	4	756750	0.010700000000000001	8097.225000000001	2500.0	174.99999999999997	0.06999999999999999	30000.0	false	38097.225
Florida	Pembroke Pines	0.0	0.0	0.0	0.0	true	9	696213	0.010700000000000001	7449.4791000000005	2670.0	186.89999999999998	0.06999999999999999	32040.0	true	39489.4791
Florida	Pompano Beach	0.0	0.0	0.0	0.0	true	2	1450000	0.010700000000000001	15515.000000000002	2872.5	201.075	0.06999999999999999	34470.0	true	49985.0
Florida	Tampa	0.0	0.0	0.0	0.0	true	23	651084	0.0098	6380.6232	2435.0	182.625	0.075	29220.0	true	35600.6232
Florida	Brandon	0.0	0.0	0.0	0.0	true	3	428633	0.0098	4200.6034	2435.0	182.625	0.075	29220.0	true	33420.6034
Florida	Palm Bay	0.0	0.0	0.0	0.0	false	0	600000	0.0086	5160.0	2417.5	169.225	0.06999999999999999	29010.0	true	34170.0
Florida	Saint Petersburg	0.0	0.0	0.0	0.0	true	14	1337500	0.009000000000000001	12037.500000000002	2437.5	170.62499999999997	0.06999999999999999	29250.0	true	41287.5
Florida	Clearwater	0.0	0.0	0.0	0.0	true	11	915445	0.009000000000000001	8239.005000000001	2440.0	170.79999999999998	0.06999999999999999	29280.0	true	37519.005000000005
Florida	West Palm Beach	0.0	0.0	0.0	0.0	true	6	1105816	0.0106	11721.6496	2840.0	198.79999999999998	0.06999999999999999	34080.0	true	45801.649600000004
Florida	Boca Raton	0.0	0.0	0.0	0.0	true	22	1207045	0.0106	12794.677	2850.0	199.49999999999997	0.06999999999999999	34200.0	true	46994.676999999996
Florida	Lehigh Acres	0.0	0.0	0.0	0.0	false	0	600000	0.0095	5700.0	2492.5	162.01250000000002	0.065	29910.0	true	35610.0
Florida	Cape Coral	0.0	0.0	0.0	0.0	true	3	762666	0.0095	7245.327	2497.5	162.3375	0.065	29970.0	true	37215.327
Florida	Gainesville	0.0	0.0	0.0	0.0	true	13	488215	0.0118	5760.937	2407.5	168.52499999999998	0.06999999999999999	28890.0	true	34650.937
Florida	Port Saint Lucie	0.0	0.0	0.0	0.0	true	7	535851	0.0118	6323.0418	2617.5	183.225	0.06999999999999999	31410.0	true	37733.0418
Florida	Lakeland	0.0	0.0	0.0	0.0	true	10	465500	0.0086	4003.3	2420.0	169.39999999999998	0.06999999999999999	29040.0	true	33043.3
Florida	Spring Hill	0.0	0.0	0.0	0.0	true	4	455875	0.0087	3966.1124999999997	2422.5	157.4625	0.065	29070.0	true	33036.1125
Florida	Deltona	0.0	0.0	0.0	0.0	true	3	467666	0.009399999999999999	4396.060399999999	2457.5	159.7375	0.065	29490.0	true	33886.0604
Florida	Jacksonville	0.0	0.0	0.0	0.0	true	37	517760	0.009399999999999999	4866.9439999999995	2387.5	179.0625	0.075	28650.0	true	33516.944
Michigan	Pontiac	4796.55	2180.25	6976.8	6976.8	false	0	600000	0.0155	9300.0	2557.5	153.45	0.06	30690.0	true	46966.8
Michigan	West Bloomfield Township	4675.0	2125.0	6800.0	6800.000000000001	false	0	600000	0.0155	9300.0	2500.0	150.0	0.06	30000.0	false	46100.0
Michigan	Novi	4852.650000000001	2205.75	7058.400000000001	7058.400000000001	false	0	600000	0.0155	9300.0	2740.0	164.4	0.06	32880.0	true	49238.4
Michigan	Rochester Hills	4675.0	2125.0	6800.0	6800.000000000001	true	1	458000	0.0155	7099.0	2500.0	150.0	0.06	30000.0	false	43899.0
Michigan	Waterford	4796.55	2180.25	6976.8	6976.8	false	0	600000	0.0155	9300.0	2575.0	154.5	0.06	30900.0	true	47176.8
Michigan	Royal Oak	4801.225	2182.375	6983.6	6983.6	false	0	600000	0.0155	9300.0	2477.5	148.65	0.06	29730.0	true	46013.6
Michigan	Farmington Hills	4675.0	2125.0	6800.0	6800.000000000001	false	0	600000	0.0155	9300.0	2500.0	150.0	0.06	30000.0	false	46100.0
Michigan	Troy	4787.200000000001	2176.0	6963.200000000001	6963.200000000001	false	0	600000	0.0155	9300.0	2470.0	148.2	0.06	29640.0	true	45903.2
Michigan	Southfield	4796.55	2180.25	6976.8	6976.8	false	0	600000	0.0155	9300.0	2475.0	148.5	0.06	29700.0	true	45976.8
Michigan	Livonia	4791.875	2178.125	6970.0	6970.000000000001	false	0	600000	0.0235	14100.0	2472.5	148.35	0.06	29670.0	true	50740.0
Michigan	Dearborn	4805.900000000001	2184.5	6990.400000000001	6990.400000000001	false	0	600000	0.0235	14100.0	2480.0	148.79999999999998	0.06	29760.0	true	50850.4
Michigan	Redford	4801.225	2182.375	6983.6	6983.6	false	0	600000	0.0235	14100.0	2477.5	148.65	0.06	29730.0	true	50813.6
Michigan	Canton	4871.35	2214.25	7085.6	7085.6	false	0	600000	0.0235	14100.0	2747.5	164.85	0.06	32970.0	true	54155.6
Michigan	Detroit	4805.900000000001	2184.5	6990.400000000001	6990.400000000001	false	0	600000	0.0235	14100.0	2480.0	148.79999999999998	0.06	29760.0	true	50850.4
Michigan	Taylor	4801.225	2182.375	6983.6	6983.6	false	0	600000	0.0235	14100.0	2477.5	148.65	0.06	29730.0	true	50813.6
Michigan	Westland	4824.6	2193.0	7017.6	7017.6	false	0	600000	0.0235	14100.0	2605.0	156.29999999999998	0.06	31260.0	true	52377.6
Michigan	Dearborn Heights	4805.900000000001	2184.5	6990.400000000001	6990.400000000001	false	0	600000	0.0235	14100.0	2480.0	148.79999999999998	0.06	29760.0	true	50850.4
Michigan	Flint	4403.85	2001.7500000000002	6405.6	6405.6	true	1	247000	0.0181	4470.700000000001	2272.5	136.35	0.06	27270.0	true	38146.3
Michigan	Grand Rapids	4581.5	2082.5	6664.0	6664.000000000001	false	0	600000	0.0151	9060.0	2495.0	149.7	0.06	29940.0	true	45664.0
Michigan	Wyoming	4581.5	2082.5	6664.0	6664.000000000001	false	0	600000	0.0151	9060.0	2495.0	149.7	0.06	29940.0	true	45664.0
Michigan	Saint Clair Shores	4801.225	2182.375	6983.6	6983.6	false	0	600000	0.0168	10080.0	2477.5	148.65	0.06	29730.0	true	46793.6
Michigan	Warren	4805.900000000001	2184.5	6990.400000000001	6990.400000000001	false	0	600000	0.0168	10080.0	2480.0	148.79999999999998	0.06	29760.0	true	46830.4
Michigan	Sterling Heights	4791.875	2178.125	6970.0	6970.000000000001	false	0	600000	0.0168	10080.0	2472.5	148.35	0.06	29670.0	true	46720.0
Michigan	Ann Arbor	4876.025000000001	2216.375	7092.400000000001	7092.400000000001	true	8	689500	0.0172	11859.4	2752.5	165.15	0.06	33030.0	true	51981.8
Michigan	Battle Creek	4684.35	2129.25	6813.6	6813.6	false	0	600000	0.019	11400.0	2312.5	138.75	0.06	27750.0	true	45963.6
Michigan	Lansing	4576.825000000001	2080.375	6657.200000000001	6657.200000000001	true	4	301225	0.0219	6596.827499999999	2370.0	142.2	0.06	28440.0	true	41694.0275
Michigan	Kalamazoo	4604.875	2093.125	6698.0	6698.000000000001	false	0	600000	0.0173	10380.0	2312.5	138.75	0.06	27750.0	true	44828.0
Michigan	Saginaw	4427.225	2012.3750000000002	6439.6	6439.6	true	3	209933	0.0177	3715.8141	2285.0	137.1	0.06	27420.0	true	37575.4141
Michigan	Clinton	4852.650000000001	2205.75	7058.400000000001	7058.400000000001	false	0	600000	0.015600000000000001	9360.0	2740.0	164.4	0.06	32880.0	true	49298.4
Michigan	Shelby	4361.775000000001	1982.6250000000002	6344.400000000001	6344.400000000001	false	0	600000	0.013000000000000001	7800.000000000001	2272.5	136.35	0.06	27270.0	true	41414.4
Minnesota	Plymouth	6540.964999999999	2210.653	8751.617999999999	8888.133	true	7	489550	0.0128	6266.240000000001	2500.0	188.12500000000003	0.07525000000000001	30000.0	false	45017.858
Minnesota	Minnetonka Mills	6540.964999999999	2210.653	8751.617999999999	8888.133	false	0	600000	0.0128	7680.0	2500.0	188.12500000000003	0.07525000000000001	30000.0	false	46431.618
Minnesota	Eden Prairie	7188.589999999999	2475.028	9663.617999999999	9734.133	true	3	503833	0.0128	6449.062400000001	2965.0	223.11625000000004	0.07525000000000001	35580.0	true	51692.6804
Minnesota	Richfield	6540.964999999999	2210.653	8751.617999999999	8888.133	true	1	375000	0.0128	4800.0	2500.0	188.12500000000003	0.07525000000000001	30000.0	false	43551.618
Minnesota	Minnetonka	7205.86	2482.078	9687.938	9756.693	true	4	567750	0.0128	7267.200000000001	2970.0	223.49250000000004	0.07525000000000001	35640.0	true	52595.138
Minnesota	Minneapolis	7205.86	2482.078	9687.938	9756.693	true	33	441003	0.0128	5644.838400000001	2970.0	238.3425	0.08025	35640.0	true	50972.7764
Minnesota	Saint Louis Park	6540.964999999999	2210.653	8751.617999999999	8888.133	true	3	580333	0.0128	7428.2624000000005	2500.0	188.12500000000003	0.07525000000000001	30000.0	false	46179.880399999995
Minnesota	Edina	6540.964999999999	2210.653	8751.617999999999	8888.133	true	3	659666	0.0128	8443.7248	2500.0	188.12500000000003	0.07525000000000001	30000.0	false	47195.3428
Minnesota	Brooklyn Park	6540.964999999999	2210.653	8751.617999999999	8888.133	true	5	323120	0.0128	4135.936000000001	2500.0	188.12500000000003	0.07525000000000001	30000.0	false	42887.554000000004
Minnesota	Bloomington	6540.964999999999	2210.653	8751.617999999999	8888.133	true	14	409921	0.0128	5246.9888	2500.0	188.12500000000003	0.07525000000000001	30000.0	false	43998.606799999994
Minnesota	Maple Grove	6540.964999999999	2210.653	8751.617999999999	8888.133	true	4	483375	0.0128	6187.200000000001	2500.0	188.12500000000003	0.07525000000000001	30000.0	false	44938.818
Minnesota	West Coon Rapids	6540.964999999999	2210.653	8751.617999999999	8888.133	true	2	350750	0.0128	4489.6	2500.0	188.12500000000003	0.07525000000000001	30000.0	false	43241.218
Minnesota	Shakopee	7171.32	2467.978	9639.297999999999	9711.572999999999	false	0	600000	0.0116	6959.999999999999	2957.5	218.11562500000002	0.07375000000000001	35490.0	true	52089.297999999995
Minnesota	Burnsville	7179.955	2471.5029999999997	9651.457999999999	9722.853	true	7	434200	0.011000000000000001	4776.200000000001	2960.0	210.90000000000003	0.07125000000000001	35520.0	true	49947.657999999996
Minnesota	Lakeville	7145.414999999999	2457.403	9602.818	9677.732999999998	true	5	489300	0.011000000000000001	5382.3	2952.5	210.36562500000002	0.07125000000000001	35430.0	true	50415.118
Minnesota	Apple Valley	6540.964999999999	2210.653	8751.617999999999	8888.133	true	2	463000	0.011000000000000001	5093.000000000001	2500.0	178.12500000000003	0.07125000000000001	30000.0	false	43844.618
Minnesota	Eagan	6540.964999999999	2210.653	8751.617999999999	8888.133	true	3	424166	0.011000000000000001	4665.826	2500.0	178.12500000000003	0.07125000000000001	30000.0	false	43417.444
Minnesota	Inver Grove Heights	7179.955	2471.5029999999997	9651.457999999999	9722.853	true	3	503333	0.011000000000000001	5536.6630000000005	2960.0	210.90000000000003	0.07125000000000001	35520.0	true	50708.121
Minnesota	Maplewood	6540.964999999999	2210.653	8751.617999999999	8888.133	true	2	367500	0.0127	4667.25	2500.0	184.37500000000003	0.07375000000000001	30000.0	false	43418.868
Minnesota	Roseville	6540.964999999999	2210.653	8751.617999999999	8888.133	false	0	600000	0.0127	7620.0	2500.0	184.37500000000003	0.07375000000000001	30000.0	false	46371.618
Minnesota	Saint Paul	7205.86	2482.078	9687.938	9756.693	true	14	396110	0.0127	5030.597	2970.0	233.8875	0.07875	35640.0	true	50358.535
Minnesota	Saint Cloud	6186.929999999999	2066.1279999999997	8253.057999999999	8425.652999999998	true	6	257000	0.0111	2852.7000000000003	2627.5	200.34687500000004	0.07625000000000001	31530.0	true	42635.758
Minnesota	Moorhead	6091.945	2027.353	8119.298	8301.572999999999	true	1	325000	0.0108	3510.0	2620.0	193.22500000000002	0.07375000000000001	31440.0	true	43069.297999999995
Minnesota	Mankato	7128.1449999999995	2450.353	9578.498	9655.172999999999	true	4	274000	0.0098	2685.2	2945.0	231.91875	0.07875	35340.0	true	47603.698000000004
Minnesota	Blaine	6540.964999999999	2210.653	8751.617999999999	8888.133	true	3	383333	0.0111	4254.9963	2500.0	178.12500000000003	0.07125000000000001	30000.0	false	43006.6143
Minnesota	Coon Rapids	6540.964999999999	2210.653	8751.617999999999	8888.133	true	2	350750	0.0111	3893.3250000000003	2500.0	178.12500000000003	0.07125000000000001	30000.0	false	42644.943
Minnesota	Rochester	6359.629999999999	2136.6279999999997	8496.257999999998	8651.252999999999	true	10	335682	0.012	4028.184	2812.5	228.515625	0.08125	33750.0	true	46274.441999999995
Minnesota	Woodbury	6540.964999999999	2210.653	8751.617999999999	8888.133	true	5	455030	0.010700000000000001	4868.821000000001	2500.0	178.12500000000003	0.07125000000000001	30000.0	false	43620.439
Minnesota	Cottage Grove	7145.414999999999	2457.403	9602.818	9677.732999999998	true	1	378000	0.010700000000000001	4044.6000000000004	2952.5	210.36562500000002	0.07125000000000001	35430.0	true	49077.418
Minnesota	Duluth	6186.929999999999	2066.1279999999997	8253.057999999999	8425.652999999998	true	2	536750	0.01	5367.5	2702.5	239.846875	0.08875000000000001	32430.0	true	46050.558
Nevada	Las Vegas	0.0	0.0	0.0	0.0	true	22	664934	0.006500000000000001	4322.071000000001	2532.5	212.09687499999998	0.08374999999999999	30390.0	true	34712.071
Nevada	Henderson	0.0	0.0	0.0	0.0	true	12	650698	0.006500000000000001	4229.537	2520.0	211.04999999999998	0.08374999999999999	30240.0	true	34469.537
Nevada	Whitney	0.0	0.0	0.0	0.0	false	0	600000	0.006500000000000001	3900.0000000000005	2500.0	209.37499999999997	0.08374999999999999	30000.0	false	33900.0
Nevada	North Las Vegas	0.0	0.0	0.0	0.0	true	2	357500	0.006500000000000001	2323.75	2532.5	212.09687499999998	0.08374999999999999	30390.0	true	32713.75
Nevada	Nellis Air Force Base	0.0	0.0	0.0	0.0	false	0	600000	0.006500000000000001	3900.0000000000005	2500.0	209.37499999999997	0.08374999999999999	30000.0	false	33900.0
Nevada	Paradise	0.0	0.0	0.0	0.0	true	4	460250	0.006500000000000001	2991.6250000000005	2500.0	209.37499999999997	0.08374999999999999	30000.0	false	32991.625
Nevada	Laughlin	0.0	0.0	0.0	0.0	false	0	600000	0.006500000000000001	3900.0000000000005	2492.5	208.746875	0.08374999999999999	29910.0	true	33810.0
Nevada	Sunrise Manor	0.0	0.0	0.0	0.0	false	0	600000	0.006500000000000001	3900.0000000000005	2500.0	209.37499999999997	0.08374999999999999	30000.0	false	33900.0
Nevada	Mesquite	0.0	0.0	0.0	0.0	false	0	600000	0.006500000000000001	3900.0000000000005	2492.5	208.746875	0.08374999999999999	29910.0	true	33810.0
Nevada	Enterprise	0.0	0.0	0.0	0.0	false	0	600000	0.006500000000000001	3900.0000000000005	2500.0	209.37499999999997	0.08374999999999999	30000.0	false	33900.0
Nevada	Boulder City	0.0	0.0	0.0	0.0	false	0	600000	0.006500000000000001	3900.0000000000005	2495.0	208.95624999999998	0.08374999999999999	29940.0	true	33840.0
Nevada	Summerlin South	0.0	0.0	0.0	0.0	true	1	890000	0.006500000000000001	5785.000000000001	2500.0	209.37499999999997	0.08374999999999999	30000.0	false	35785.0
Nevada	Spring Valley	0.0	0.0	0.0	0.0	true	6	561000	0.006500000000000001	3646.5000000000005	2500.0	209.37499999999997	0.08374999999999999	30000.0	false	33646.5
Nevada	Winchester	0.0	0.0	0.0	0.0	false	0	600000	0.006500000000000001	3900.0000000000005	2500.0	209.37499999999997	0.08374999999999999	30000.0	false	33900.0
Nevada	Elko	0.0	0.0	0.0	0.0	false	0	600000	0.0059	3540.0	2225.0	157.975	0.071	26700.0	true	30240.0
Nevada	Spring Creek	0.0	0.0	0.0	0.0	false	0	600000	0.0059	3540.0	2225.0	157.975	0.071	26700.0	true	30240.0
Nevada	Reno	0.0	0.0	0.0	0.0	true	9	813888	0.0062	5046.1056	2625.0	216.95624999999995	0.08264999999999999	31500.0	true	36546.1056
Nevada	Sparks	0.0	0.0	0.0	0.0	true	7	757285	0.0062	4695.1669999999995	2625.0	216.95624999999995	0.08264999999999999	31500.0	true	36195.167
Nevada	Incline Village	0.0	0.0	0.0	0.0	true	2	2250000	0.0062	13950.0	2575.0	212.82374999999996	0.08264999999999999	30900.0	true	44850.0
Nevada	Incline Village-Crystal Bay	0.0	0.0	0.0	0.0	false	0	600000	0.0062	3720.0	2500.0	206.62499999999997	0.08264999999999999	30000.0	false	33720.0
Nevada	Spanish Springs	0.0	0.0	0.0	0.0	true	1	1200000	0.0062	7440.0	2500.0	206.62499999999997	0.08264999999999999	30000.0	false	37440.0
Nevada	Sun Valley	0.0	0.0	0.0	0.0	false	0	600000	0.0062	3720.0	2625.0	216.95624999999995	0.08264999999999999	31500.0	true	35220.0
Nevada	Carson City	0.0	0.0	0.0	0.0	true	1	785000	0.0060999999999999995	4788.5	2577.5	195.88999999999996	0.07599999999999998	30930.0	true	35718.5
Nevada	Pahrump	0.0	0.0	0.0	0.0	false	0	600000	0.0075	4500.0	2492.5	189.42999999999995	0.07599999999999998	29910.0	true	34410.0
Nevada	Dayton	0.0	0.0	0.0	0.0	false	0	600000	0.0069	4140.0	2562.5	181.93749999999997	0.071	30750.0	true	34890.0
Nevada	Fernley	0.0	0.0	0.0	0.0	false	0	600000	0.0069	4140.0	2582.5	183.3575	0.071	30990.0	true	35130.0
Nevada	Cold Springs	0.0	0.0	0.0	0.0	false	0	600000	0.0074	4440.0	2500.0	189.99999999999997	0.07599999999999998	30000.0	false	34440.0
Nevada	Fallon	0.0	0.0	0.0	0.0	false	0	600000	0.0074	4440.0	2562.5	194.74999999999997	0.07599999999999998	30750.0	true	35190.0
Nevada	Gardnerville Ranchos	0.0	0.0	0.0	0.0	false	0	600000	0.006	3600.0	2500.0	177.49999999999997	0.071	30000.0	false	33600.0
Nevada	Winnemucca	0.0	0.0	0.0	0.0	false	0	600000	0.0068000000000000005	4080.0000000000005	2587.5	177.24374999999998	0.06849999999999999	31050.0	true	35130.0
North Carolina	Greensboro	5293.337399999999	2106.1169999999997	7399.454399999999	7399.4544	true	1	525000	0.0109	5722.5	2472.5	166.89375	0.0675	29670.0	true	42791.9544
North Carolina	High Point	5329.6308	2122.614	7452.2448	7452.2447999999995	true	1	365000	0.0109	3978.5	2455.0	165.7125	0.0675	29460.0	true	40890.7448
North Carolina	Hickory	5384.0709	2147.3595	7531.430399999999	7531.430399999999	true	8	328187	0.0072	2362.9464	2542.5	177.97500000000002	0.07	30510.0	true	40404.3768
North Carolina	Wilmington	5027.1858	1985.139	7012.3248	7012.324799999999	true	11	693500	0.0070999999999999995	4923.849999999999	2697.5	188.82500000000002	0.07	32370.0	true	44306.1748
North Carolina	Asheville	5069.5280999999995	2004.3854999999999	7073.9136	7073.9136	true	6	836166	0.0069	5769.5454	2622.5	183.57500000000002	0.07	31470.0	true	44313.459
North Carolina	Indian Trail	5426.4132	2166.6059999999998	7593.0192	7593.0192	false	0	600000	0.008199999999999999	4919.999999999999	2620.0	176.85000000000002	0.0675	31440.0	true	43953.019199999995
North Carolina	Monroe	5402.2176	2155.6079999999997	7557.8256	7557.825599999999	true	1	392500	0.008199999999999999	3218.4999999999995	2482.5	167.56875000000002	0.0675	29790.0	true	40566.3256
North Carolina	Gastonia	5450.6088	2177.604	7628.212799999999	7628.212799999999	true	3	437333	0.0102	4460.796600000001	2557.5	179.025	0.07	30690.0	true	42779.009399999995
North Carolina	Greenville	5323.5819	2119.8644999999997	7443.4464	7443.4464	true	4	351885	0.009399999999999999	3307.7189999999996	2695.0	188.65	0.07	32340.0	true	43091.1654
North Carolina	Fayetteville	5063.4792	2001.636	7065.1152	7065.115199999999	false	0	600000	0.0113	6780.0	2535.0	177.45000000000002	0.07	30420.0	true	44265.1152
North Carolina	Goldsboro	5323.5819	2119.8644999999997	7443.4464	7443.4464	true	1	420000	0.0085	3570.0000000000005	2695.0	181.91250000000002	0.0675	32340.0	true	43353.4464
North Carolina	Chapel Hill	5305.4352	2111.616	7417.0512	7417.0512	true	6	579166	0.011899999999999999	6892.0754	2635.0	197.625	0.075	31620.0	true	45929.1266
North Carolina	Huntersville	5432.4621	2169.3554999999997	7601.817599999999	7601.817599999999	true	7	516185	0.0105	5419.9425	2622.5	190.13125000000002	0.07250000000000001	31470.0	true	44491.7601
North Carolina	Charlotte	5438.5109999999995	2172.105	7610.616	7610.616	true	38	612120	0.0105	6427.26	2625.0	190.31250000000003	0.07250000000000001	31500.0	true	45537.876000000004
North Carolina	West Raleigh	5499.0	2199.6	7698.6	7698.599999999999	false	0	600000	0.0088	5280.0	2500.0	181.25000000000003	0.07250000000000001	30000.0	false	42978.6
North Carolina	Cary	5365.9241999999995	2139.111	7505.035199999999	7505.035199999999	false	0	600000	0.0088	5280.0	2712.5	196.65625000000003	0.07250000000000001	32550.0	true	45335.0352
North Carolina	Apex	5499.0	2199.6	7698.6	7698.599999999999	true	1	680000	0.0088	5984.0	2500.0	181.25000000000003	0.07250000000000001	30000.0	false	43682.6
North Carolina	Raleigh	5365.9241999999995	2139.111	7505.035199999999	7505.035199999999	true	15	620766	0.0088	5462.7408000000005	2712.5	196.65625000000003	0.07250000000000001	32550.0	true	45517.776
North Carolina	Wake Forest	5353.8264	2133.612	7487.4384	7487.4384	true	1	615000	0.0088	5412.0	2705.0	196.1125	0.07250000000000001	32460.0	true	45359.4384
North Carolina	Burlington	5269.141799999999	2095.1189999999997	7364.260799999999	7364.2608	false	0	600000	0.008	4800.0	2460.0	166.05	0.0675	29520.0	true	41684.260800000004
North Carolina	Salisbury	5250.9951	2086.8705	7337.8656	7337.865599999999	true	5	364900	0.0087	3174.6299999999997	2377.5	166.425	0.07	28530.0	true	39042.4956
North Carolina	Durham	5335.6797	2125.3635	7461.0432	7461.0432	true	5	456000	0.0118	5380.8	2690.0	201.75	0.075	32280.0	true	45121.8432
North Carolina	Jacksonville	4984.8435	1965.8925	6950.736	6950.736	false	0	600000	0.0077	4620.0	2680.0	187.60000000000002	0.07	32160.0	true	43730.736000000004
North Carolina	Concord	5323.5819	2119.8644999999997	7443.4464	7443.4464	true	6	476666	0.009000000000000001	4289.994000000001	2490.0	174.3	0.07	29880.0	true	41613.4404
North Carolina	Kannapolis	5238.8973	2081.3714999999997	7320.2688	7320.2688	true	2	350000	0.009000000000000001	3150.0000000000005	2372.5	166.07500000000002	0.07	28470.0	true	38940.2688
North Carolina	New Bern	4984.8435	1965.8925	6950.736	6950.736	true	6	404750	0.0075	3035.625	2680.0	180.9	0.0675	32160.0	true	42146.361000000004
North Carolina	Winston-Salem	5305.4352	2111.616	7417.0512	7417.0512	false	0	600000	0.0098	5880.0	2422.5	169.57500000000002	0.07	29070.0	true	42367.0512
North Carolina	Mooresville	5226.7995	2075.8725	7302.6720000000005	7302.672	true	7	635714	0.0072	4577.1408	2367.5	159.80625	0.0675	28410.0	true	40289.8128
North Carolina	Rocky Mount	5323.5819	2119.8644999999997	7443.4464	7443.4464	true	3	260666	0.0092	2398.1272	2695.0	181.91250000000002	0.0675	32340.0	true	42181.5736
North Carolina	Wilson	5323.5819	2119.8644999999997	7443.4464	7443.4464	true	5	287980	0.0108	3110.184	2695.0	181.91250000000002	0.0675	32340.0	true	42893.6304
Oregon	Milwaukie	9457.699999999999	4057.7	13515.399999999998	13514.949999999999	true	11	629937	0.0102	6425.357400000001	2500.0	0.0	0.0	30000.0	false	49940.7574
Oregon	Oregon City	9903.199999999999	4260.2	14163.399999999998	14162.949999999999	true	6	703866	0.0102	7179.4332	3025.0	0.0	0.0	36300.0	true	57642.833199999994
Oregon	West Linn	9932.9	4273.7	14206.599999999999	14206.15	true	3	862333	0.0102	8795.796600000001	3032.5	0.0	0.0	36390.0	true	59392.3966
Oregon	Lake Oswego	9942.8	4278.2	14221.0	14220.55	true	6	1201290	0.0102	12253.158000000001	3035.0	0.0	0.0	36420.0	true	62894.158
Oregon	Medford	9111.199999999999	3900.2	13011.399999999998	13010.949999999999	true	4	626750	0.0095	5954.125	2642.5	0.0	0.0	31710.0	true	50675.524999999994
Oregon	Ashland	9032.0	3864.2	12896.2	12895.75	true	3	800333	0.0095	7603.1635	2625.0	0.0	0.0	31500.0	true	51999.3635
Oregon	Bend	9210.199999999999	3945.2	13155.399999999998	13154.949999999999	true	4	967395	0.0085	8222.8575	2722.5	0.0	0.0	32670.0	true	54048.2575
Oregon	Redmond	9210.199999999999	3945.2	13155.399999999998	13154.949999999999	true	1	731550	0.0085	6218.175	2722.5	0.0	0.0	32670.0	true	52043.575
Oregon	Grants Pass	9002.3	3850.7	12853.0	12852.55	true	4	637250	0.0058	3696.0499999999997	2617.5	0.0	0.0	31410.0	true	47959.05
Oregon	Newberg	9883.4	4251.2	14134.599999999999	14134.15	false	0	600000	0.009899999999999999	5939.999999999999	3017.5	0.0	0.0	36210.0	true	56284.6
Oregon	McMinnville	9507.199999999999	4080.2	13587.399999999998	13586.949999999999	false	0	600000	0.009899999999999999	5939.999999999999	2720.0	0.0	0.0	32640.0	true	52167.399999999994
Oregon	Keizer	9408.199999999999	4035.2	13443.399999999998	13442.949999999999	false	0	600000	0.0115	6900.0	2600.0	0.0	0.0	31200.0	true	51543.399999999994
Oregon	Woodburn	9368.6	4017.2	13385.8	13385.35	true	1	725000	0.0115	8337.5	2587.5	0.0	0.0	31050.0	true	52773.3
Oregon	Klamath Falls	9002.3	3850.7	12853.0	12852.55	false	0	600000	0.008100000000000001	4860.000000000001	2617.5	0.0	0.0	31410.0	true	49123.0
Oregon	Tualatin	9932.9	4273.7	14206.599999999999	14206.15	true	4	762825	0.0105	8009.6625	3032.5	0.0	0.0	36390.0	true	58606.2625
Oregon	Beaverton	9942.8	4278.2	14221.0	14220.55	true	7	722071	0.0105	7581.745500000001	3035.0	0.0	0.0	36420.0	true	58222.745500000005
Oregon	Hillsboro	9913.1	4264.7	14177.8	14177.35	true	2	705000	0.0105	7402.500000000001	3027.5	0.0	0.0	36330.0	true	57910.3
Oregon	Tigard	9457.699999999999	4057.7	13515.399999999998	13514.949999999999	true	2	835000	0.0105	8767.5	2500.0	0.0	0.0	30000.0	false	52282.899999999994
Oregon	Aloha	9457.699999999999	4057.7	13515.399999999998	13514.949999999999	true	2	672500	0.0105	7061.25	2500.0	0.0	0.0	30000.0	false	50576.649999999994
Oregon	Bethany	9457.699999999999	4057.7	13515.399999999998	13514.949999999999	true	1	841000	0.0105	8830.5	2500.0	0.0	0.0	30000.0	false	52345.899999999994
Oregon	Forest Grove	9764.6	4197.2	13961.8	13961.35	false	0	600000	0.0105	6300.0	2932.5	0.0	0.0	35190.0	true	55451.8
Oregon	Lents	9457.699999999999	4057.7	13515.399999999998	13514.949999999999	true	1	540000	0.0104	5616.0	2500.0	0.0	0.0	30000.0	false	49131.399999999994
Oregon	Portland	9942.8	4278.2	14221.0	14220.55	true	78	787310	0.0104	8188.023999999999	3035.0	0.0	0.0	36420.0	true	58829.024
Oregon	Gresham	9932.9	4273.7	14206.599999999999	14206.15	true	9	637666	0.0104	6631.7264	3032.5	0.0	0.0	36390.0	true	57228.3264
Oregon	Salem	9408.199999999999	4035.2	13443.399999999998	13442.949999999999	true	9	522544	0.010700000000000001	5591.220800000001	2600.0	0.0	0.0	31200.0	true	50234.6208
Oregon	Albany	9269.6	3972.2	13241.8	13241.35	false	0	600000	0.012199999999999999	7319.999999999999	2645.0	0.0	0.0	31740.0	true	52301.8
Oregon	Roseburg	9140.9	3913.7	13054.599999999999	13054.15	true	3	479666	0.0084	4029.1944	2687.5	0.0	0.0	32250.0	true	49333.7944
Oregon	Springfield	9299.3	3985.7	13285.0	13284.55	true	1	890000	0.0104	9256.0	2742.5	0.0	0.0	32910.0	true	55451.0
Oregon	Eugene	9319.1	3994.7	13313.8	13313.35	true	10	872800	0.0104	9077.119999999999	2752.5	0.0	0.0	33030.0	true	55420.92
Oregon	Corvallis	9269.6	3972.2	13241.8	13241.35	true	2	888500	0.0116	10306.599999999999	2640.0	0.0	0.0	31680.0	true	55228.399999999994
South Carolina	Socastee	6327.0	2127.0	8454.0	8959.000000000002	true	1	175000	0.0038	665.0	2500.0	200.0	0.08	30000.0	false	39119.0
South Carolina	Conway	5587.8	1791.0	7378.8	7883.8	true	1	60000	0.0038	228.0	2227.5	178.20000000000002	0.08	26730.0	true	34336.8
South Carolina	Myrtle Beach	5634.0	1812.0	7446.0	7951.000000000001	true	2	413500	0.0038	1571.3	2455.0	220.95	0.09	29460.0	true	38477.3
South Carolina	Greenwood	5965.1	1962.5	7927.6	8432.6	true	3	294000	0.0069	2028.6	2360.0	165.2	0.06999999999999999	28320.0	true	38276.2
South Carolina	Lexington	5834.200000000001	1903.0	7737.200000000001	8242.2	true	3	314333	0.005600000000000001	1760.2648000000002	2420.0	169.39999999999998	0.06999999999999999	29040.0	true	38537.4648
South Carolina	West Columbia	5841.900000000001	1906.5	7748.400000000001	8253.400000000001	true	1	238663	0.005600000000000001	1336.5128000000002	2422.5	169.575	0.06999999999999999	29070.0	true	38154.9128
South Carolina	Spartanburg	5903.5	1934.5	7838.0	8343.000000000002	true	2	290000	0.0064	1856.0	2262.5	158.37499999999997	0.06999999999999999	27150.0	true	36844.0
South Carolina	Taylors	6019.0	1987.0	8006.0	8511.000000000002	false	0	600000	0.0069	4140.0	2377.5	142.65	0.06	28530.0	true	40676.0
South Carolina	Wade Hampton	6327.0	2127.0	8454.0	8959.000000000002	true	1	600000	0.0069	4140.0	2500.0	150.0	0.06	30000.0	false	42594.0
South Carolina	Simpsonville	6011.3	1983.5	7994.8	8499.800000000001	true	1	352000	0.0069	2428.8	2375.0	142.5	0.06	28500.0	true	38923.6
South Carolina	Greer	6019.0	1987.0	8006.0	8511.000000000002	false	0	600000	0.0069	4140.0	2377.5	142.65	0.06	28530.0	true	40676.0
South Carolina	Mauldin	6019.0	1987.0	8006.0	8511.000000000002	true	1	355000	0.0069	2449.5	2377.5	142.65	0.06	28530.0	true	38985.5
South Carolina	Greenville	6019.0	1987.0	8006.0	8511.000000000002	true	6	297666	0.0069	2053.8954	2377.5	142.65	0.06	28530.0	true	38589.8954
South Carolina	Summerville	5988.200000000001	1973.0	7961.200000000001	8466.2	true	1	503000	0.006999999999999999	3520.9999999999995	2615.0	183.04999999999998	0.06999999999999999	31380.0	true	42862.2
South Carolina	Sumter	5587.8	1791.0	7378.8	7883.8	true	3	185333	0.0063	1167.5979	2297.5	183.8	0.08	27570.0	true	36116.397899999996
South Carolina	Rock Hill	6288.5	2109.5	8398.0	8903.000000000002	true	4	407000	0.0062	2523.4	2345.0	164.14999999999998	0.06999999999999999	28140.0	true	39061.4
South Carolina	Anderson	5957.400000000001	1959.0	7916.400000000001	8421.400000000001	true	1	940000	0.005699999999999999	5357.999999999999	2350.0	164.49999999999997	0.06999999999999999	28200.0	true	41474.4
South Carolina	Columbia	5841.900000000001	1906.5	7748.400000000001	8253.400000000001	true	2	316500	0.0079	2500.3500000000004	2422.5	193.8	0.08	29070.0	true	39318.75
South Carolina	Saint Andrews	6327.0	2127.0	8454.0	8959.000000000002	false	0	600000	0.0079	4740.000000000001	2500.0	200.0	0.08	30000.0	false	43194.0
South Carolina	Hilton Head Island	5895.8	1931.0	7826.8	8331.800000000001	true	10	1017400	0.0051	5188.740000000001	2390.0	167.29999999999998	0.06999999999999999	28680.0	true	41695.54
South Carolina	Aiken	5888.1	1927.5	7815.6	8320.6	true	8	359218	0.004699999999999999	1688.3245999999997	2262.5	181.0	0.08	27150.0	true	36653.9246
South Carolina	North Augusta	5911.200000000001	1938.0	7849.200000000001	8354.2	true	2	305000	0.004699999999999999	1433.4999999999998	2270.0	181.6	0.08	27240.0	true	36522.7
South Carolina	Seven Oaks	6327.0	2127.0	8454.0	8959.000000000002	true	1	285000	0.0045000000000000005	1282.5000000000002	2500.0	150.0	0.06	30000.0	false	39736.5
South Carolina	Goose Creek	6011.3	1983.5	7994.8	8499.800000000001	true	1	495000	0.0054	2673.0	2622.5	209.8	0.08	31470.0	true	42137.8
South Carolina	Hanahan	6019.0	1987.0	8006.0	8511.000000000002	false	0	600000	0.0054	3240.0	2625.0	210.0	0.08	31500.0	true	42746.0
South Carolina	Charleston	6019.0	1987.0	8006.0	8511.000000000002	false	0	600000	0.004699999999999999	2819.9999999999995	2625.0	236.25	0.09	31500.0	true	42326.0
South Carolina	North Charleston	6019.0	1987.0	8006.0	8511.000000000002	false	0	600000	0.004699999999999999	2819.9999999999995	2625.0	236.25	0.09	31500.0	true	42326.0
South Carolina	Mount Pleasant	6019.0	1987.0	8006.0	8511.000000000002	false	0	600000	0.004699999999999999	2819.9999999999995	2625.0	236.25	0.09	31500.0	true	42326.0
South Carolina	Easley	6019.0	1987.0	8006.0	8511.000000000002	false	0	600000	0.004699999999999999	2819.9999999999995	2377.5	166.42499999999998	0.06999999999999999	28530.0	true	39356.0
South Carolina	Florence	5641.700000000001	1815.5	7457.200000000001	7962.200000000001	true	3	360000	0.0042	1512.0	2247.5	179.8	0.08	26970.0	true	35939.2
Texas	Amarillo	0.0	0.0	0.0	0.0	false	3	600000	0.0169	10139.999999999998	2182.5	180.05625	0.0825	26190.0	true	36330.0
Texas	Austin	0.0	0.0	0.0	0.0	false	3	600000	0.0182	10920.0	2640.0	217.8	0.0825	31680.0	true	42600.0
Texas	Carrollton	0.0	0.0	0.0	0.0	false	5	600000	0.019	11400.0	2505.0	206.66250000000002	0.0825	30060.0	true	41460.0
Texas	Denton	0.0	0.0	0.0	0.0	false	3	600000	0.019	11400.0	2482.5	204.80625	0.0825	29790.0	true	41190.0
Texas	Garland	0.0	0.0	0.0	0.0	false	6	600000	0.019299999999999998	11579.999999999998	2505.0	206.66250000000002	0.0825	30060.0	true	41640.0
Texas	Irving	0.0	0.0	0.0	0.0	false	4	600000	0.019299999999999998	11579.999999999998	2510.0	207.07500000000002	0.0825	30120.0	true	41700.0
Texas	Dallas	0.0	0.0	0.0	0.0	false	60	600000	0.019299999999999998	11579.999999999998	2510.0	207.07500000000002	0.0825	30120.0	true	41700.0
Texas	Grand Prairie	0.0	0.0	0.0	0.0	false	1	600000	0.019299999999999998	11579.999999999998	2505.0	206.66250000000002	0.0825	30060.0	true	41640.0
Texas	Mesquite	0.0	0.0	0.0	0.0	false	2	600000	0.019299999999999998	11579.999999999998	2507.5	206.86875	0.0825	30090.0	true	41670.0
Texas	San Antonio	0.0	0.0	0.0	0.0	false	24	600000	0.0197	11820.0	2300.0	189.75	0.0825	27600.0	true	39420.0
Texas	Beaumont	0.0	0.0	0.0	0.0	false	3	600000	0.0174	10440.0	2230.0	183.97500000000002	0.0825	26760.0	true	37200.0
Texas	Houston	0.0	0.0	0.0	0.0	false	173	600000	0.0203	12180.0	2375.0	195.9375	0.0825	28500.0	true	40680.0
Texas	Pasadena	0.0	0.0	0.0	0.0	false	4	600000	0.0203	12180.0	2365.0	195.1125	0.0825	28380.0	true	40560.0
Texas	Abilene	0.0	0.0	0.0	0.0	false	5	600000	0.0152	9120.0	2192.5	180.88125	0.0825	26310.0	true	35430.0
Texas	Lubbock	0.0	0.0	0.0	0.0	false	3	600000	0.0178	10680.0	2282.5	188.30625	0.0825	27390.0	true	38070.0
Texas	Brownsville	0.0	0.0	0.0	0.0	false	0	600000	0.0176	10560.0	1995.0	164.5875	0.0825	23940.0	true	34500.0
Texas	Arlington	0.0	0.0	0.0	0.0	false	16	600000	0.021	12600.0	2492.5	205.63125000000002	0.0825	29910.0	true	42510.0
Texas	Fort Worth	0.0	0.0	0.0	0.0	false	22	600000	0.021	12600.0	2495.0	205.8375	0.0825	29940.0	true	42540.0
Texas	Odessa	0.0	0.0	0.0	0.0	false	3	600000	0.0129	7740.0	2260.0	186.45000000000002	0.0825	27120.0	true	34860.0
Texas	Midland	0.0	0.0	0.0	0.0	false	2	600000	0.0146	8760.0	2260.0	186.45000000000002	0.0825	27120.0	true	35880.0
Texas	El Paso	0.0	0.0	0.0	0.0	false	17	600000	0.022400000000000003	13440.000000000002	2172.5	179.23125000000002	0.0825	26070.0	true	39510.0
Texas	Killeen	0.0	0.0	0.0	0.0	false	4	600000	0.0183	10980.0	2110.0	174.07500000000002	0.0825	25320.0	true	36300.0
Texas	Plano	0.0	0.0	0.0	0.0	false	20	600000	0.0194	11640.0	2500.0	206.25	0.0825	30000.0	true	41640.0
Texas	Frisco	0.0	0.0	0.0	0.0	false	8	600000	0.0194	11640.0	2485.0	205.01250000000002	0.0825	29820.0	true	41460.0
Texas	McKinney	0.0	0.0	0.0	0.0	false	7	600000	0.0194	11640.0	2490.0	205.425	0.0825	29880.0	true	41520.0
Texas	Laredo	0.0	0.0	0.0	0.0	false	1	600000	0.0219	13140.0	2080.0	171.6	0.0825	24960.0	true	38100.0
Texas	Wichita Falls	0.0	0.0	0.0	0.0	false	0	600000	0.0194	11640.0	2197.5	181.29375000000002	0.0825	26370.0	true	38010.0
Texas	Waco	0.0	0.0	0.0	0.0	false	4	600000	0.0177	10620.0	2087.5	172.21875	0.0825	25050.0	true	35670.0
Texas	Corpus Christi	0.0	0.0	0.0	0.0	false	10	600000	0.0187	11220.0	2232.5	184.18125	0.0825	26790.0	true	38010.0
Texas	McAllen	0.0	0.0	0.0	0.0	false	2	600000	0.020499999999999997	12299.999999999998	1970.0	162.525	0.0825	23640.0	true	35940.0
Virginia	Harrisonburg	5334.375	2143.125	7477.5	7735.0	true	1	485000	0.0068000000000000005	3298.0000000000005	2325.0	123.225	0.053	27900.0	true	38675.5
Virginia	McLean	5808.75	2358.75	8167.5	8425.0	true	6	1217666	0.0103	12541.9598	2500.0	150.0	0.06	30000.0	false	50709.4598
Virginia	Annandale	6599.375	2718.125	9317.5	9575.0	true	8	866562	0.0103	8925.588600000001	4027.5	241.64999999999998	0.06	48330.0	true	66573.0886
Virginia	Centreville	6574.075	2706.625	9280.7	9538.2	true	3	783280	0.0103	8067.784	4017.5	241.04999999999998	0.06	48210.0	true	65558.484
Virginia	Burke	6593.05	2715.25	9308.3	9565.800000000001	true	6	784633	0.0103	8081.7199	4022.5	241.35	0.06	48270.0	true	65660.0199
Virginia	Reston	6586.725	2712.375	9299.1	9556.6	true	4	857500	0.0103	8832.25	4022.5	241.35	0.06	48270.0	true	66401.35
Virginia	Portsmouth Heights	5808.75	2358.75	8167.5	8425.0	false	0	600000	0.0125	7500.0	2500.0	132.5	0.053	30000.0	false	45667.5
Virginia	Portsmouth	5505.150000000001	2220.75	7725.900000000001	7983.400000000001	false	0	600000	0.0125	7500.0	2590.0	155.4	0.06	31080.0	true	46305.9
Virginia	Dale City	5808.75	2358.75	8167.5	8425.0	true	3	558403	0.0105	5863.231500000001	2500.0	150.0	0.06	30000.0	false	44030.7315
Virginia	Lake Ridge	5808.75	2358.75	8167.5	8425.0	true	2	620750	0.0105	6517.875	2500.0	150.0	0.06	30000.0	false	44685.375
Virginia	West Lynchburg	5808.75	2358.75	8167.5	8425.0	false	0	600000	0.0095	5700.0	2500.0	132.5	0.053	30000.0	false	43867.5
Virginia	Lynchburg	5372.325	2160.375	7532.7	7790.200000000001	false	0	600000	0.0095	5700.0	2340.0	124.02	0.053	28080.0	true	41312.7
Virginia	Blacksburg	5359.675	2154.625	7514.3	7771.8	true	2	474500	0.0084	3985.7999999999997	2425.0	128.525	0.053	29100.0	true	40600.1
Virginia	Norfolk	5505.150000000001	2220.75	7725.900000000001	7983.400000000001	false	0	600000	0.0111	6660.0	2590.0	155.4	0.06	31080.0	true	45465.9
Virginia	Tuckahoe	5808.75	2358.75	8167.5	8425.0	true	2	497500	0.008100000000000001	4029.7500000000005	2500.0	150.0	0.06	30000.0	false	42197.25
Virginia	Leesburg	6567.75	2703.75	9271.5	9529.0	true	2	752500	0.0108	8127.0	4015.0	240.89999999999998	0.06	48180.0	true	65578.5
Virginia	Ashburn	6567.75	2703.75	9271.5	9529.0	true	3	870000	0.0108	9396.0	4015.0	240.89999999999998	0.06	48180.0	true	66847.5
Virginia	Roanoke	5397.625	2171.875	7569.5	7827.0	true	9	374327	0.0096	3593.5391999999997	2440.0	129.32	0.053	29280.0	true	40443.0392
Virginia	Suffolk	5479.85	2209.25	7689.1	7946.6	true	2	457500	0.0097	4437.75	2612.5	156.75	0.06	31350.0	true	43476.85
Virginia	South Suffolk	5808.75	2358.75	8167.5	8425.0	true	2	457500	0.0097	4437.75	2500.0	132.5	0.053	30000.0	false	42605.25
Virginia	Danville	5549.425	2240.875	7790.3	8047.8	false	0	600000	0.0070999999999999995	4260.0	2455.0	130.115	0.053	29460.0	true	41510.3
Virginia	Virginia Beach	5593.7	2261.0	7854.7	8112.200000000001	true	13	600546	0.0088	5284.8048	2852.5	171.15	0.06	34230.0	true	47369.504799999995
Virginia	Newport News	5473.525000000001	2206.375	7679.900000000001	7937.400000000001	true	2	467500	0.011399999999999999	5329.499999999999	2542.5	152.54999999999998	0.06	30510.0	true	43519.4
Virginia	Chesapeake	5498.825	2217.875	7716.7	7974.200000000001	true	4	455000	0.0096	4368.0	2585.0	155.1	0.06	31020.0	true	43104.7
Virginia	Alexandria	6599.375	2718.125	9317.5	9575.0	true	20	987740	0.0098	9679.851999999999	4027.5	241.64999999999998	0.06	48330.0	true	67327.352
Virginia	Arlington	6599.375	2718.125	9317.5	9575.0	true	8	1246250	0.009000000000000001	11216.250000000002	4027.5	241.64999999999998	0.06	48330.0	true	68863.75
Virginia	Richmond	5865.675	2384.625	8250.3	8507.8	true	22	465897	0.0062	2888.5614	2462.5	147.75	0.06	29550.0	true	40688.8614
Virginia	Hampton	5473.525000000001	2206.375	7679.900000000001	7937.400000000001	true	2	313000	0.0108	3380.4	2542.5	152.54999999999998	0.06	30510.0	true	41570.3
Virginia	East Hampton	5808.75	2358.75	8167.5	8425.0	false	0	600000	0.0108	6480.0	2500.0	132.5	0.053	30000.0	false	44647.5
Virginia	Charlottesville	5334.375	2143.125	7477.5	7735.0	true	3	428000	0.0088	3766.4	2325.0	123.225	0.053	27900.0	true	39143.9
Washington	Renton	0.0	0.0	0.0	0.0	true	12	954620	0.009300000000000001	8877.966	3497.5	353.2475	0.101	41970.0	true	50847.966
Washington	Redmond	0.0	0.0	0.0	0.0	true	4	1446125	0.009300000000000001	13448.962500000001	3497.5	353.2475	0.101	41970.0	true	55418.9625
Washington	Bellevue	0.0	0.0	0.0	0.0	true	15	2157166	0.009300000000000001	20061.6438	3500.0	353.5	0.101	42000.0	true	62061.643800000005
Washington	Sammamish	0.0	0.0	0.0	0.0	true	7	2031285	0.009300000000000001	18890.950500000003	3492.5	352.7425	0.101	41910.0	true	60800.950500000006
Washington	Kent	0.0	0.0	0.0	0.0	true	6	778000	0.009300000000000001	7235.400000000001	2712.5	273.96250000000003	0.101	32550.0	true	39785.4
Washington	Kirkland	0.0	0.0	0.0	0.0	true	4	2233812	0.009300000000000001	20774.451600000004	3500.0	357.0	0.10200000000000001	42000.0	true	62774.4516
Washington	Federal Way	0.0	0.0	0.0	0.0	true	7	814285	0.009300000000000001	7572.8505000000005	2717.5	274.46750000000003	0.101	32610.0	true	40182.8505
Washington	Auburn	0.0	0.0	0.0	0.0	true	8	802499	0.009300000000000001	7463.240700000001	2717.5	274.46750000000003	0.101	32610.0	true	40073.2407
Washington	Shoreline	0.0	0.0	0.0	0.0	true	3	1211333	0.009300000000000001	11265.396900000002	2500.0	257.5	0.10300000000000001	30000.0	false	41265.3969
Washington	Seattle	0.0	0.0	0.0	0.0	true	38	1517736	0.009300000000000001	14114.944800000001	3500.0	358.75	0.10250000000000001	42000.0	true	56114.9448
Washington	Lacey	0.0	0.0	0.0	0.0	false	0	600000	0.0108	6480.0	2717.5	255.445	0.094	32610.0	true	39090.0
Washington	Olympia	0.0	0.0	0.0	0.0	true	12	727583	0.0108	7857.8964000000005	2717.5	255.445	0.094	32610.0	true	40467.8964
Washington	Tacoma	0.0	0.0	0.0	0.0	true	10	682845	0.011899999999999999	8125.8555	2717.5	279.90250000000003	0.10300000000000001	32610.0	true	40735.8555
Washington	South Hill	0.0	0.0	0.0	0.0	true	4	655125	0.011899999999999999	7795.987499999999	2500.0	235.0	0.094	30000.0	false	37795.9875
Washington	Puyallup	0.0	0.0	0.0	0.0	true	9	676416	0.011899999999999999	8049.350399999999	2717.5	271.75	0.1	32610.0	true	40659.350399999996
Washington	Lakewood	0.0	0.0	0.0	0.0	true	4	690500	0.011899999999999999	8216.949999999999	2717.5	271.75	0.1	32610.0	true	40826.95
Washington	Pasco	0.0	0.0	0.0	0.0	true	2	325000	0.0113	3672.4999999999995	2422.5	208.33499999999998	0.086	29070.0	true	32742.5
Washington	Lynnwood	0.0	0.0	0.0	0.0	true	3	967833	0.0097	9387.9801	3270.0	343.35	0.10500000000000001	39240.0	true	48627.9801
Washington	Edmonds	0.0	0.0	0.0	0.0	true	7	1453357	0.0097	14097.5629	3495.0	363.48	0.10400000000000001	41940.0	true	56037.562900000004
Washington	Marysville	0.0	0.0	0.0	0.0	true	4	839900	0.0097	8147.030000000001	3045.0	283.185	0.093	36540.0	true	44687.03
Washington	Everett	0.0	0.0	0.0	0.0	true	8	881250	0.0097	8548.125	3045.0	298.41	0.098	36540.0	true	45088.125
Washington	Richland	0.0	0.0	0.0	0.0	true	4	490000	0.01	4900.0	2437.5	209.62499999999997	0.086	29250.0	true	34150.0
Washington	Kennewick	0.0	0.0	0.0	0.0	true	10	433497	0.01	4334.97	2437.5	209.62499999999997	0.086	29250.0	true	33584.97
Washington	Spokane Valley	0.0	0.0	0.0	0.0	true	5	487100	0.0115	5601.65	2500.0	222.5	0.089	30000.0	false	35601.65
Washington	Spokane	0.0	0.0	0.0	0.0	true	25	495580	0.0115	5699.17	2335.0	210.15	0.09	28020.0	true	33719.17
Washington	Bremerton	0.0	0.0	0.0	0.0	true	5	554600	0.0098	5435.08	2762.5	248.625	0.09	33150.0	true	38585.08
Washington	Yakima	0.0	0.0	0.0	0.0	false	0	600000	0.0105	6300.0	2442.5	202.72750000000002	0.083	29310.0	true	35610.0
Washington	Bellingham	0.0	0.0	0.0	0.0	true	3	740000	0.0085	6290.0	2682.5	236.05999999999997	0.088	32190.0	true	38480.0
Washington	Longview	0.0	0.0	0.0	0.0	true	2	451750	0.0105	4743.375	3010.0	243.81	0.081	36120.0	true	40863.375
Washington	Vancouver	0.0	0.0	0.0	0.0	true	15	787393	0.0102	8031.408600000001	3027.5	257.33750000000003	0.085	36330.0	true	44361.4086
Colorado	Arvada	3528.06	true	5	912000	0.0055000000000000005	5016.000000000001	1674.0	133.2504	0.0796	20088.0	true	28632.06
Colorado	Ken Caryl	3472.5	true	2	890000	0.0055000000000000005	4895.000000000001	1500.0	67.5	0.045	18000.0	false	26367.5
Colorado	Lakewood	3472.5	true	5	823400	0.0055000000000000005	4528.700000000001	1500.0	112.5	0.075	18000.0	false	26001.2
Colorado	Wheat Ridge	3528.06	true	4	707500	0.0055000000000000005	3891.2500000000005	1674.0	133.92000000000002	0.08	20088.0	true	27507.31
Colorado	Longmont	3566.2575	true	8	674112	0.005699999999999999	3842.4383999999995	1914.0	162.9771	0.08515	22968.0	true	30376.6959
Colorado	Boulder	3573.2025	true	5	1372486	0.005699999999999999	7823.170199999999	1918.5	95.637225	0.04985	23022.0	true	34418.3727
Colorado	Brighton	3510.6975	true	2	852500	0.0063	5370.75	1666.5	141.65249999999997	0.08499999999999999	19998.0	true	28879.447500000002
Colorado	Thornton	3528.06	false	0	600000	0.0063	3780.0	1674.0	142.29	0.08499999999999999	20088.0	true	27396.059999999998
Colorado	Commerce City	3528.06	true	1	600000	0.0063	3780.0	1674.0	154.845	0.0925	20088.0	true	27396.059999999998
Colorado	Northglenn	3472.5	false	0	600000	0.0063	3780.0	1500.0	71.25	0.0475	18000.0	false	25252.5
Colorado	Westminster	3528.06	true	5	843740	0.0063	5315.562	1674.0	143.964	0.086	20088.0	true	28931.622
Colorado	Denver	3528.06	true	26	946213	0.005	4731.0650000000005	1674.0	147.4794	0.0881	20088.0	true	28347.125
Colorado	Broomfield	3541.9500000000003	true	5	658220	0.0067	4410.0740000000005	1792.5	128.16375000000002	0.07150000000000001	21510.0	true	29462.024
Florida	Tallahassee	0.0	true	2	728300	0.0097	7064.51	1455.0	109.125	0.075	17460.0	true	24524.510000000002
Florida	Orlando	0.0	true	38	635792	0.0096	6103.6032	1534.5	99.7425	0.065	18414.0	true	24517.603199999998
Florida	Fort Lauderdale	0.0	true	13	1457807	0.010700000000000001	15598.534900000002	1723.5	120.64499999999998	0.06999999999999999	20682.0	true	36280.5349
Florida	Coral Springs	0.0	true	17	729820	0.010700000000000001	7809.0740000000005	1723.5	120.64499999999998	0.06999999999999999	20682.0	true	28491.074
Florida	Plantation	0.0	false	0	600000	0.010700000000000001	6420.000000000001	1723.5	120.64499999999998	0.06999999999999999	20682.0	true	27102.0
Florida	Sunrise	0.0	true	1	610000	0.010700000000000001	6527.000000000001	1500.0	104.99999999999999	0.06999999999999999	18000.0	false	24527.0
Florida	Pembroke Pines	0.0	true	9	647880	0.010700000000000001	6932.316000000001	1602.0	112.13999999999999	0.06999999999999999	19224.0	true	26156.316
Florida	Miramar	0.0	true	3	681666	0.010700000000000001	7293.8262	1500.0	104.99999999999999	0.06999999999999999	18000.0	false	25293.8262
Florida	Hollywood	0.0	true	3	786666	0.010700000000000001	8417.326200000001	1723.5	120.64499999999998	0.06999999999999999	20682.0	true	29099.326200000003
Florida	Pompano Beach	0.0	true	2	1450000	0.010700000000000001	15515.000000000002	1723.5	120.64499999999998	0.06999999999999999	20682.0	true	36197.0
Florida	Davie	0.0	true	5	775300	0.010700000000000001	8295.710000000001	1500.0	104.99999999999999	0.06999999999999999	18000.0	false	26295.71
Florida	Gainesville	0.0	true	11	518254	0.0118	6115.397199999999	1444.5	101.115	0.06999999999999999	17334.0	true	23449.3972
Florida	Palm Bay	0.0	false	0	600000	0.0086	5160.0	1450.5	101.535	0.06999999999999999	17406.0	true	22566.0
Florida	Miami Gardens	0.0	true	1	440000	0.0097	4268.0	1603.5	112.24499999999999	0.06999999999999999	19242.0	true	23510.0
Florida	Hialeah	0.0	true	3	666666	0.0097	6466.6602	1603.5	112.24499999999999	0.06999999999999999	19242.0	true	25708.6602
Florida	Miami Beach	0.0	true	2	1887500	0.0097	18308.75	1726.5	120.85499999999999	0.06999999999999999	20718.0	true	39026.75
Florida	Miami	0.0	true	28	920442	0.0097	8928.287400000001	1726.5	120.85499999999999	0.06999999999999999	20718.0	true	29646.2874
Florida	Lehigh Acres	0.0	false	0	600000	0.0095	5700.0	1495.5	97.20750000000001	0.065	17946.0	true	23646.0
Florida	Cape Coral	0.0	true	3	762666	0.0095	7245.327	1498.5	97.4025	0.065	17982.0	true	25227.327
Florida	Lakeland	0.0	true	12	462000	0.0086	3973.2	1452.0	101.63999999999999	0.06999999999999999	17424.0	true	21397.2
Florida	Saint Petersburg	0.0	true	12	1284133	0.009000000000000001	11557.197000000002	1462.5	102.37499999999999	0.06999999999999999	17550.0	true	29107.197
Florida	Clearwater	0.0	true	8	706862	0.009000000000000001	6361.758000000001	1464.0	102.47999999999999	0.06999999999999999	17568.0	true	23929.758
Florida	Jacksonville	0.0	true	46	512553	0.009399999999999999	4817.998199999999	1432.5	107.4375	0.075	17190.0	true	22007.998199999998
Florida	Brandon	0.0	true	2	443950	0.0098	4350.71	1461.0	109.575	0.075	17532.0	true	21882.71
Florida	Tampa	0.0	true	21	656140	0.0098	6430.172	1461.0	109.575	0.075	17532.0	true	23962.172
Florida	West Palm Beach	0.0	true	9	1220988	0.0106	12942.4728	1704.0	119.27999999999999	0.06999999999999999	20448.0	true	33390.4728
Florida	Boca Raton	0.0	true	24	1189270	0.0106	12606.262	1710.0	119.69999999999999	0.06999999999999999	20520.0	true	33126.262
Florida	Port Saint Lucie	0.0	true	8	533620	0.0118	6296.715999999999	1570.5	109.93499999999999	0.06999999999999999	18846.0	true	25142.716
Florida	Spring Hill	0.0	true	5	464700	0.0087	4042.89	1453.5	94.4775	0.065	17442.0	true	21484.89
Florida	Deltona	0.0	true	2	421000	0.009399999999999999	3957.3999999999996	1474.5	95.8425	0.065	17694.0	true	21651.4
Colorado	Ken Caryl	3472.5	true	2	890000	0.0055000000000000005	4895.000000000001	1500.0	67.5	0.045	18000.0	false	26367.5
Colorado	Wheat Ridge	3548.895	true	4	707500	0.0055000000000000005	3891.2500000000005	1741.5	139.32	0.08	20898.0	true	28338.145
Colorado	Lakewood	3472.5	true	5	823400	0.0055000000000000005	4528.700000000001	1500.0	112.5	0.075	18000.0	false	26001.2
Colorado	Arvada	3548.895	true	5	912000	0.0055000000000000005	5016.000000000001	1741.5	138.6234	0.0796	20898.0	true	29462.895
Colorado	Pueblo West	3472.5	false	0	600000	0.0067	4020.0	1500.0	64.95	0.0433	18000.0	false	25492.5
Colorado	Pueblo	3253.7325	true	2	266500	0.0067	1785.55	1438.5	109.32600000000002	0.07600000000000001	17262.0	true	22301.2825
Colorado	Denver	3548.895	true	26	946213	0.005	4731.0650000000005	1741.5	153.42615	0.0881	20898.0	true	29177.96
Colorado	Westminster	3548.895	true	5	843740	0.0063	5315.562	1741.5	149.76899999999998	0.086	20898.0	true	29762.457000000002
Colorado	Thornton	3548.895	false	0	600000	0.0063	3780.0	1741.5	148.02749999999997	0.08499999999999999	20898.0	true	28226.895
Colorado	Northglenn	3472.5	false	0	600000	0.0063	3780.0	1500.0	71.25	0.0475	18000.0	false	25252.5
Colorado	Commerce City	3548.895	true	1	600000	0.0063	3780.0	1741.5	161.08875	0.0925	20898.0	true	28226.895
Colorado	Brighton	3531.5325000000003	true	2	852500	0.0063	5370.75	1734.0	147.39	0.08499999999999999	20808.0	true	29710.2825
Colorado	Southglenn	3472.5	false	0	600000	0.005699999999999999	3419.9999999999995	1500.0	48.75	0.0325	18000.0	false	24892.5
Colorado	Englewood	3548.895	true	1	1300000	0.005699999999999999	7409.999999999999	1741.5	134.96625	0.0775	20898.0	true	31856.894999999997
Colorado	Littleton	3548.895	true	9	810277	0.005699999999999999	4618.5788999999995	1740.0	73.94999999999999	0.042499999999999996	20880.0	true	29047.473899999997
Colorado	Aurora	3548.895	true	15	593953	0.005699999999999999	3385.5320999999994	1740.0	139.20000000000002	0.08	20880.0	true	27814.4271
Colorado	Centennial	3472.5	true	12	872302	0.005699999999999999	4972.121399999999	1500.0	101.25	0.0675	18000.0	false	26444.6214
Colorado	Broomfield	3562.785	true	5	658220	0.0067	4410.0740000000005	1864.5	133.31175000000002	0.07150000000000001	22374.0	true	30346.859
Colorado	Longmont	3587.0925	true	8	674112	0.005699999999999999	3842.4383999999995	1992.0	169.6188	0.08515	23904.0	true	31333.530899999998
Colorado	Boulder	3597.51	true	5	1372486	0.005699999999999999	7823.170199999999	1995.0	99.45075	0.04985	23940.0	true	35360.6802
Colorado	Grand Junction	3423.885	true	2	459950	0.0046	2115.77	1677.0	142.8804	0.0852	20124.0	true	25663.655
Colorado	Security-Widefield	3472.5	true	5	554305	0.0048	2660.6639999999998	1500.0	76.95	0.0513	18000.0	false	24133.164
Colorado	Colorado Springs	3493.335	true	44	550509	0.0048	2642.4431999999997	1560.0	127.91999999999999	0.08199999999999999	18720.0	true	24855.7782
Colorado	Fountain	3482.9175	true	2	500000	0.0048	2400.0	1555.5	117.12915000000001	0.0753	18666.0	true	24548.9175
Colorado	Highlands Ranch	3472.5	true	9	681431	0.0063	4293.0153	1500.0	75.0	0.049999999999999996	18000.0	false	25765.5153
Colorado	Parker	3521.1150000000002	true	5	874399	0.0063	5508.7137	1731.0	138.48	0.08	20772.0	true	29801.8287
Colorado	Castle Rock	3493.335	true	4	716250	0.0063	4512.375	1660.5	131.1795	0.079	19926.0	true	27931.71
Colorado	Greeley	3430.83	true	13	432653	0.0051	2206.5303000000004	1770.0	124.077	0.0701	21240.0	true	26877.3603
Colorado	Loveland	3413.4675	true	3	596666	0.0054	3221.9964	1714.5	63.436499999999995	0.037	20574.0	true	27209.463900000002
Colorado	Fort Collins	3416.94	true	19	694107	0.0054	3748.1778000000004	1716.0	129.558	0.0755	20592.0	true	27757.1178
Michigan	Rochester Hills	3187.5000000000005	true	1	458000	0.0155	7099.0	1500.0	90.0	0.06	18000.0	false	28286.5
Michigan	Southfield	3270.3750000000005	false	0	600000	0.0155	9300.0	1485.0	89.1	0.06	17820.0	true	30390.375
Michigan	Novi	3308.6250000000005	false	0	600000	0.0155	9300.0	1644.0	98.64	0.06	19728.0	true	32336.625
Michigan	West Bloomfield Township	3187.5000000000005	false	0	600000	0.0155	9300.0	1500.0	90.0	0.06	18000.0	false	30487.5
Michigan	Royal Oak	3273.5625000000005	false	0	600000	0.0155	9300.0	1486.5	89.19	0.06	17838.0	true	30411.5625
Michigan	Pontiac	3270.3750000000005	false	0	600000	0.0155	9300.0	1534.5	92.07	0.06	18414.0	true	30984.375
Michigan	Waterford	3270.3750000000005	false	0	600000	0.0155	9300.0	1545.0	92.7	0.06	18540.0	true	31110.375
Michigan	Farmington Hills	3187.5000000000005	false	0	600000	0.0155	9300.0	1500.0	90.0	0.06	18000.0	false	30487.5
Michigan	Troy	3264.0000000000005	false	0	600000	0.0155	9300.0	1482.0	88.92	0.06	17784.0	true	30348.0
Michigan	Saint Clair Shores	3273.5625000000005	false	0	600000	0.0168	10080.0	1486.5	89.19	0.06	17838.0	true	31191.5625
Michigan	Warren	3276.7500000000005	false	0	600000	0.0168	10080.0	1488.0	89.28	0.06	17856.0	true	31212.75
Michigan	Sterling Heights	3267.1875000000005	true	1	235000	0.0168	3947.9999999999995	1483.5	89.00999999999999	0.06	17802.0	true	25017.1875
Michigan	Dearborn	3276.7500000000005	true	1	234500	0.0235	5510.75	1488.0	89.28	0.06	17856.0	true	26643.5
Michigan	Redford	3273.5625000000005	false	0	600000	0.0235	14100.0	1486.5	89.19	0.06	17838.0	true	35211.5625
Michigan	Livonia	3267.1875000000005	false	0	600000	0.0235	14100.0	1483.5	89.00999999999999	0.06	17802.0	true	35169.1875
Michigan	Canton	3321.3750000000005	false	0	600000	0.0235	14100.0	1648.5	98.91	0.06	19782.0	true	37203.375
Michigan	Detroit	3276.7500000000005	true	1	97000	0.0235	2279.5	1488.0	89.28	0.06	17856.0	true	23412.25
Michigan	Dearborn Heights	3276.7500000000005	false	0	600000	0.0235	14100.0	1488.0	89.28	0.06	17856.0	true	35232.75
Michigan	Taylor	3273.5625000000005	false	0	600000	0.0235	14100.0	1486.5	89.19	0.06	17838.0	true	35211.5625
Michigan	Westland	3289.5000000000005	false	0	600000	0.0235	14100.0	1563.0	93.78	0.06	18756.0	true	36145.5
Michigan	Grand Rapids	3123.75	false	0	600000	0.0151	9060.0	1497.0	89.82	0.06	17964.0	true	30147.75
Michigan	Wyoming	3123.75	false	0	600000	0.0151	9060.0	1497.0	89.82	0.06	17964.0	true	30147.75
Michigan	Saginaw	3018.5625	true	5	277360	0.0177	4909.272	1371.0	82.25999999999999	0.06	16452.0	true	24379.8345
Michigan	Shelby	2973.9375	false	0	600000	0.013000000000000001	7800.000000000001	1363.5	81.81	0.06	16362.0	true	27135.9375
Michigan	Flint	3002.625	true	2	184500	0.0181	3339.4500000000003	1363.5	81.81	0.06	16362.0	true	22704.075
Michigan	Kalamazoo	3139.6875	false	0	600000	0.0173	10380.0	1387.5	83.25	0.06	16650.0	true	30169.6875
Michigan	Lansing	3120.5625	true	2	275000	0.0219	6022.5	1422.0	85.32	0.06	17064.0	true	26207.0625
Michigan	Clinton	3308.6250000000005	false	0	600000	0.015600000000000001	9360.0	1644.0	98.64	0.06	19728.0	true	32396.625
Michigan	Battle Creek	3193.8750000000005	false	0	600000	0.019	11400.0	1387.5	83.25	0.06	16650.0	true	31243.875
Michigan	Ann Arbor	3324.5625000000005	true	7	690142	0.0172	11870.4424	1651.5	99.09	0.06	19818.0	true	35013.0049
Washington	Sammamish	0.0	true	10	1986900	0.009300000000000001	18478.170000000002	2095.5	211.64550000000003	0.101	25146.0	true	43624.17
Washington	Kirkland	0.0	true	4	2193812	0.009300000000000001	20402.4516	2100.0	214.20000000000002	0.10200000000000001	25200.0	true	45602.4516
Washington	Renton	0.0	true	14	930389	0.009300000000000001	8652.6177	2098.5	211.94850000000002	0.101	25182.0	true	33834.6177
Washington	Redmond	0.0	true	8	1663062	0.009300000000000001	15466.476600000002	2098.5	211.94850000000002	0.101	25182.0	true	40648.4766
Washington	Shoreline	0.0	true	2	1125000	0.009300000000000001	10462.500000000002	1500.0	154.5	0.10300000000000001	18000.0	false	28462.5
Washington	Seattle	0.0	true	40	1604637	0.009300000000000001	14923.1241	2100.0	215.25000000000003	0.10250000000000001	25200.0	true	40123.1241
Washington	Kent	0.0	true	5	787800	0.009300000000000001	7326.540000000001	1627.5	164.3775	0.101	19530.0	true	26856.54
Washington	Bellevue	0.0	true	14	2143035	0.009300000000000001	19930.2255	2100.0	212.10000000000002	0.101	25200.0	true	45130.2255
Washington	Auburn	0.0	true	9	802221	0.009300000000000001	7460.6553	1630.5	164.68050000000002	0.101	19566.0	true	27026.6553
Washington	Federal Way	0.0	true	8	753125	0.009300000000000001	7004.062500000001	1630.5	164.68050000000002	0.101	19566.0	true	26570.0625
Washington	Puyallup	0.0	true	9	665305	0.011899999999999999	7917.129499999999	1630.5	163.05	0.1	19566.0	true	27483.1295
Washington	South Hill	0.0	true	5	659100	0.011899999999999999	7843.289999999999	1500.0	141.0	0.094	18000.0	false	25843.29
Washington	Tacoma	0.0	true	11	700313	0.011899999999999999	8333.724699999999	1630.5	167.94150000000002	0.10300000000000001	19566.0	true	27899.7247
Washington	Lakewood	0.0	true	4	690500	0.011899999999999999	8216.949999999999	1630.5	163.05	0.1	19566.0	true	27782.949999999997
Washington	Pasco	0.0	true	2	325000	0.0113	3672.4999999999995	1453.5	125.00099999999999	0.086	17442.0	true	21114.5
Washington	Olympia	0.0	true	11	709181	0.0108	7659.1548	1630.5	153.267	0.094	19566.0	true	27225.1548
Washington	Lacey	0.0	false	0	600000	0.0108	6480.0	1630.5	153.267	0.094	19566.0	true	26046.0
Washington	Richland	0.0	true	3	448333	0.01	4483.33	1462.5	125.77499999999999	0.086	17550.0	true	22033.33
Washington	Kennewick	0.0	true	10	412497	0.01	4124.97	1462.5	125.77499999999999	0.086	17550.0	true	21674.97
Washington	Edmonds	0.0	true	8	1453312	0.0097	14097.126400000001	2097.0	218.08800000000002	0.10400000000000001	25164.0	true	39261.1264
Washington	Lynnwood	0.0	true	4	1000875	0.0097	9708.487500000001	1962.0	206.01000000000002	0.10500000000000001	23544.0	true	33252.4875
Washington	Marysville	0.0	true	5	807520	0.0097	7832.944	1827.0	169.911	0.093	21924.0	true	29756.944
Washington	Everett	0.0	true	9	876666	0.0097	8503.6602	1827.0	179.04600000000002	0.098	21924.0	true	30427.6602
Washington	Spokane	0.0	true	26	494692	0.0115	5688.958	1401.0	126.08999999999999	0.09	16812.0	true	22500.958
Washington	Spokane Valley	0.0	true	5	487100	0.0115	5601.65	1500.0	133.5	0.089	18000.0	false	23601.65
Washington	Longview	0.0	true	2	451750	0.0105	4743.375	1806.0	146.286	0.081	21672.0	true	26415.375
Washington	Bremerton	0.0	true	4	578250	0.0098	5666.849999999999	1657.5	149.17499999999998	0.09	19890.0	true	25556.85
Washington	Yakima	0.0	false	0	600000	0.0105	6300.0	1465.5	121.63650000000001	0.083	17586.0	true	23886.0
Washington	Vancouver	0.0	true	16	792868	0.0102	8087.253600000001	1816.5	154.4025	0.085	21798.0	true	29885.2536
Washington	Bellingham	0.0	true	4	842500	0.0085	7161.250000000001	1609.5	141.636	0.088	19314.0	true	26475.25
